# date Bazaar CVS Git Mercurial Subversion
2014-08-05T01:41:02Z 12933 62746 250917 17835 325136
2014-08-05T08:23:48Z 12933 62746 250922 17837 325136
2014-08-05T09:04:17Z 12933 62746 250930 17840 325136
2014-08-05T09:27:15Z 12933 62746 250934 17840 325136
2014-08-05T10:04:17Z 12933 62746 250937 17841 325136
2014-08-05T11:05:45Z 12933 62746 250938 17842 325136
2014-08-05T21:58:16Z 12934 62746 250968 17842 325136
2014-08-06T11:20:14Z 12934 62746 251018 17843 325136
2014-08-07T17:34:09Z 12934 62746 251043 17846 325139
2014-08-09T04:33:25Z 12934 62746 251090 17848 325142
2014-08-10T22:12:37Z 12944 62746 251170 17848 325146
2014-08-11T03:23:44Z 12944 62746 251184 17848 325146
2014-08-11T04:23:18Z 12944 62746 251187 17848 325146
2014-08-11T12:20:36Z 12944 62746 251196 17848 325146
2014-08-12T01:01:57Z 12944 62746 251214 17848 325146
2014-08-12T05:09:16Z 12944 62746 251219 17848 325147
2014-08-12T15:28:13Z 12944 62746 251241 17848 325147
2014-08-13T06:23:03Z 12944 62746 251256 17849 325147
2014-08-13T22:51:18Z 12944 62746 251290 17849 325147
2014-08-15T06:24:56Z 12944 62746 251290 17849 325147
2014-08-17T07:47:03Z 12944 62746 251290 17849 325147
2014-08-19T10:52:09Z 12944 62746 251290 17849 325147
2014-08-23T18:00:23Z 12944 62746 251909 17856 325170
2014-09-01T01:08:44Z 12944 62746 251909 17856 325170
2014-09-04T11:31:32Z 12956 62746 252588 17867 325200
2014-09-22T15:00:27Z 12956 62746 252588 17867 325200
2014-09-24T08:26:37Z 12957 62746 253470 17886 325265
2014-10-04T18:07:04Z 12957 62746 253470 17886 325265
2014-10-05T07:24:55Z 12957 62746 253470 17886 325265
2014-10-05T13:08:05Z 12957 62746 253470 17886 325265
2014-10-06T03:48:44Z 12957 62746 253470 17886 325265
2014-10-07T00:23:08Z 12957 62746 253790 17895 325381
2014-10-07T12:46:43Z 12957 62746 253790 17895 325381
2014-10-08T17:41:56Z 12957 62746 253790 17895 325381
2014-10-09T08:01:28Z 12957 62746 253790 17895 325381
2014-10-10T17:40:11Z 12957 62746 253790 17895 325381
2014-10-11T17:42:31Z 12957 62746 253790 17895 325381
2014-10-12T02:07:27Z 12957 62746 253790 17895 325381
2014-10-12T14:40:15Z 12957 62746 253790 17895 325381
2014-10-13T12:32:27Z 12957 62746 253790 17895 325381
2014-10-15T13:33:12Z 12957 62746 253790 17895 325381
2014-10-17T10:27:25Z 12957 62746 253790 17895 325381
2014-10-18T06:11:42Z 12957 62746 253790 17895 325381
2014-10-19T20:24:48Z 12957 62746 253790 17895 325381
2014-10-20T14:38:57Z 12957 62746 253790 17895 325381
2014-10-22T14:17:58Z 12957 62746 253790 17895 325381
2014-10-22T22:42:13Z 12957 62746 253790 17895 325381
2014-10-23T10:40:42Z 12957 62746 253790 17895 325381
2014-10-23T18:38:20Z 12957 62746 253790 17895 325381
2014-10-26T02:56:14Z 12957 62746 253790 17895 325381
2014-10-26T14:48:18Z 12957 62746 253790 17895 325381
2014-10-27T16:17:17Z 12957 62746 253790 17895 325381
2014-10-30T18:10:30Z 12962 62748 254466 17910 325432
2014-10-31T20:49:08Z 12962 62748 254466 17910 325432
2014-11-01T20:47:34Z 12962 62748 254466 17910 325432
2014-11-07T01:07:17Z 12964 62749 254804 17920 325455
2014-11-08T02:31:18Z 12964 62749 254804 17920 325455
2014-11-09T02:20:14Z 12964 62749 254804 17920 325455
2014-11-10T01:38:51Z 12964 62749 254804 17920 325455
2014-11-11T04:51:36Z 12964 62749 254804 17920 325455
2014-11-15T14:49:05Z 12969 62750 254980 17937 325467
2014-11-20T07:03:37Z 12969 62750 254980 17937 325467
2014-11-22T16:34:47Z 12978 62753 255206 17944 325499
2014-11-24T12:28:53Z 12978 62753 255206 17944 325499
2014-11-28T01:14:33Z 12978 62753 255206 17944 325499
2014-12-03T12:53:49Z 12978 62753 255206 17944 325499
2014-12-05T03:33:25Z 12978 62753 255206 17944 325499
2014-12-09T23:21:21Z 12978 62753 255206 17944 325499
2014-12-13T01:07:51Z 12978 62753 255206 17944 325499
2014-12-18T08:17:52Z 12978 62753 255206 17944 325499
2014-12-20T04:07:47Z 12978 62753 255206 17944 325499
2014-12-21T14:34:26Z 12978 62753 255206 17944 325499
2014-12-24T14:02:59Z 12978 62753 255206 17944 325499
2014-12-27T18:03:36Z 12978 62753 255206 17944 325499
2015-01-02T14:06:20Z 12978 62753 255206 17944 325499
2015-01-14T10:53:06Z 13003 62756 256959 17994 325597
2015-01-19T14:28:00Z 13003 62756 256959 17994 325597
2015-02-05T14:19:51Z 13003 62758 257562 18016 325632
2015-02-16T12:23:42Z 13004 62802 257798 18020 325649
2015-02-20T14:10:33Z 13004 62802 257798 18020 325649
