# date Bazaar CVS Git Mercurial Subversion
2014-08-05T01:41:02Z 12933 62746 250917 17835 325136
2014-08-05T08:23:48Z 12933 62746 250922 17837 325136
2014-08-05T09:04:17Z 12933 62746 250930 17840 325136
2014-08-05T09:27:15Z 12933 62746 250934 17840 325136
2014-08-05T10:04:17Z 12933 62746 250937 17841 325136
2014-08-05T11:05:45Z 12933 62746 250938 17842 325136
2014-08-05T21:58:16Z 12934 62746 250968 17842 325136
2014-08-06T11:20:14Z 12934 62746 251018 17843 325136
2014-08-07T17:34:09Z 12934 62746 251043 17846 325139
2014-08-09T04:33:25Z 12934 62746 251090 17848 325142
2014-08-10T22:12:37Z 12944 62746 251170 17848 325146
2014-08-11T03:23:44Z 12944 62746 251184 17848 325146
2014-08-11T04:23:18Z 12944 62746 251187 17848 325146
